483921657967345821251876493548132976729564138136798245372689514814253769695417382
245981376169273584837564219976125438513498627482736951391657842728349165654812793
462831957795426183381795426173984265659312748248567319926178534834259671517643892
483921657967345821251876493548132976729564138136798245372689514814253769695417382
245981376169273584837564219976125438513498627482736951391657842728349165654812793
462831957795426183381795426173984265659312748248567319926178534834259671517643892
417369825632158947958724316825437169791586432346912758289643571573291684164875293
527316489896542731314987562172453896689271354453698217941825673765134928238769145
617459823248736915539128467982564371374291586156873294823647159791385642465912738
859612437723854169164379528986147352375268914241593786432981675617425893598736241
145327698839654127672918543496185372218473956753296481367542819984761235521839764
785439126612875349493621578857943261261758934934162785578394612126587493349216857
