003020600900305001001806400008102900700000008006708200002609500800203009005010300
200080300060070084030500209000105408000000000402706000301007040720040060004010003
000000907000420180000705026100904000050000040000507009920108000034059000507000000
003020600900305001001806400008102900700000008006708200002609500800203009005010300
200080300060070084030500209000105408000000000402706000301007040720040060004010003
000000907000420180000705026100904000050000040000507009920108000034059000507000000
400000805030000000000700000020000060000080400000010000000603070500200000104000000
520006000000000701300000000000400800600000050000000000041800000000030020008700000
600000803040700000000000000000504070300200000106000000020000050000080600000010000
850002400720000009004000000000107002305000900040000000000080070017000000000036040
005300000800000020070010500400005300010070006003200080060500009004000030000009700
780400120600075009000601078007040260001050930904060005070300012120007400049206007
